Alex mh med

1:
9 4.3
2 0 3 2 0 3 1 2 3 1 2 3 1 2 3 0 2 3 1 2

2:
15 4.3
2 1 2 0 3 2 1 2 3 0 3 2 1 2 3 0 3 2 1 2

3:
38 4.3
2 1 3 2 0 2 2 3 1 2 0 2 3 1 2 0 2 3 1 2

4:
25 4.5
0 2 0 1 3 1 0 2 0 1 3 1 2 0 2 1 3 0 2 0

5:
17 4.5
3 1 3 1 3 0 2 0 3 1 3 2 0 2 3 1 0 2 0 3

6:
26 4.4
0 2 0 3 1 3 0 2 0 3 1 3 2 0 3 1 3 0 2 0

7:
14 4.2
0 2 1 0 2 0 2 0 1 3 0 1 2 0 2 0 1 3 1 0

8:
10 4.5
2 0 2 1 3 1 0 2 0 1 3 1 3 1 3 1 3 1 0 2

9:
12 4.2
1 2 1 3 0 3 1 2 1 3 0 3 0 3 0 3 0 1 3 1

10:
9 4.0
0 2 0 3 0 2 0 3 0 1 3 0 2 0 3 0 1 3 0 1

