Alex greedy med

1:
27 0.0
2 1 0 3 2 1 0 3 2 1 0 3 2 1 3 3 2 3 2 2

2:
49 0.0
1 0 2 3 1 0 2 3 1 0 2 3 1 2 2 3 2 2 2 3

3:
64 0.0
3 2 1 0 3 2 1 0 3 2 1 0 3 2 1 2 2 2 2 2

4:
35 0.0
3 0 2 1 3 0 2 1 3 0 2 1 0 0 2 1 0 0 2 1

5:
24 0.0
0 3 1 2 0 3 1 2 0 3 1 2 0 3 1 2 0 3 3 3

6:
37 0.0
0 3 1 2 0 3 1 2 0 3 1 2 0 3 2 0 0 3 0 3

7:
23 0.0
1 0 2 3 1 0 2 3 1 0 2 1 1 0 2 0 0 0 2 0

8:
15 0.0
1 0 2 3 1 0 2 3 1 0 2 3 1 0 2 3 1 3 1 1

9:
25 0.0
1 3 0 2 1 3 0 2 1 3 0 1 1 3 0 1 3 3 0 3

10:
48 0.0
0 1 2 3 0 1 2 3 0 1 2 3 0 3 3 0 0 0 0 0

